4349.8876953125
46775.41796875
15615.3828125
12194.56640625
7678.861328125
33334.125
11753.5830078125
12932.8056640625
10749.8974609375
8980.396484375
17484.220703125
42908.671875
25589.34375
18800.67578125
11416.115234375
11905.1513671875
22528.77734375
11899.0869140625
25055.384765625
9504.037109375
21552.810546875
34519.796875
19671.26953125
7330.93359375
14787.30859375
73727.8671875
12601.189453125
7561.83740234375
15899.80859375
8252.8271484375
66117.6328125
8764.765625
10498.025390625
23098.73828125
16086.9697265625
9696.4833984375
34427.640625
22619.58203125
8601.07421875
21383.951171875
13451.3447265625
33087.859375
37423.19140625
7931.03466796875
26197.869140625
9079.4345703125
9209.419921875
19222.830078125
16114.0869140625
7103.27392578125
