-300005  - [     -5 -300000       0       0       0       0       0       0       0
       0       0       0       0       0       0       0]
-298378  - [     -5 -300000       0       0       0       0    1600       0       0
       0       0       0       0       0      27       0]
300120  - [    -5 300000      0      0      0      0    200      0      0      0
      0   -200      0      0    125      0]
299995  - [    -5 300000      0      0      0      0      0      0      0      0
      0      0      0      0      0      0]
-300005  - [     -5 -300000       0       0       0       0       0       0       0
       0       0       0       0       0       0       0]
-298941  - [     -5 -300000       0       0       0       0    1000       0       0
       0       0       0       0       0      64       0]
300995  - [    -5 300000      0      0      0      0   1000      0      0      0
      0      0      0      0      0      0]
300222  - [    -5 300000      0      0      0      0    200      0      0      0
      0      0      0      0     27      0]
-299805  - [     -5 -300000       0       0       0       0     200       0       0
       0       0       0       0       0       0       0]
298922  - [    -5 300000      0      0      0      0    200      0      0      0
      0  -1300      0      0     27      0]
298422  - [    -5 300000      0      0      0      0      0      0      0      0
      0  -1600      0      0     27      0]
-1078  - [   -5     0     0     0     0     0   200     0     0     0     0 -1300
     0     0    27     0]
-300005  - [     -5 -300000       0       0       0       0       0       0       0
       0       0       0       0       0       0       0]
300995  - [    -5 300000      0      0      0      0   1000      0      0      0
      0      0      0      0      0      0]
-297605  - [     -5 -300000       0       0       0       0    2400       0       0
       0       0       0       0       0       0       0]
301520  - [    -5 300000      0      0      0      0   1400      0      0      0
      0      0      0      0    125      0]
299995  - [    -5 300000      0      0      0      0      0      0      0      0
      0      0      0      0      0      0]
-298797  - [     -5 -300000       0       0       0       0    1600       0       0
       0       0    -400       0       0       8       0]
-1197  - [   -5     0     0     0     0     0   200     0     0     0     0 -1400
     0     0     8     0]
299995  - [    -5 300000      0      0      0      0      0      0      0      0
      0      0      0      0      0      0]
-300005  - [     -5 -300000       0       0       0       0       0       0       0
       0       0       0       0       0       0       0]
-299778  - [     -5 -300000       0       0       0       0     400       0       0
       0       0    -200       0       0      27       0]
300395  - [    -5 300000      0      0      0      0    400      0      0      0
      0      0      0      0      0      0]
299820  - [    -5 300000      0      0      0      0    200      0      0      0
      0   -500      0      0    125      0]
299995  - [    -5 300000      0      0      0      0      0      0      0      0
      0      0      0      0      0      0]
299822  - [    -5 300000      0      0      0      0    200      0      0      0
      0   -400      0      0     27      0]
300222  - [    -5 300000      0      0      0      0    200      0      0      0
      0      0      0      0     27      0]
299522  - [    -5 300000      0      0      0      0    400      0      0      0
      0   -900      0      0     27      0]
299995  - [    -5 300000      0      0      0      0      0      0      0      0
      0      0      0      0      0      0]
299822  - [    -5 300000      0      0      0      0    600      0      0      0
      0   -800      0      0     27      0]
-300005  - [     -5 -300000       0       0       0       0       0       0       0
       0       0       0       0       0       0       0]
301620  - [    -5 300000      0      0      0      0   1800      0      0      0
      0   -300      0      0    125      0]
300222  - [    -5 300000      0      0      0      0    200      0      0      0
      0      0      0      0     27      0]
300720  - [    -5 300000      0      0      0      0    600      0      0      0
      0      0      0      0    125      0]
303520  - [    -5 300000      0      0      0      0   3400      0      0      0
      0      0      0      0    125      0]
303320  - [    -5 300000      0      0      0      0   3200      0      0      0
      0      0      0      0    125      0]
300222  - [    -5 300000      0      0      0      0    200      0      0      0
      0      0      0      0     27      0]
-299797  - [     -5 -300000       0       0       0       0     200       0       0
       0       0       0       0       0       8       0]
301320  - [    -5 300000      0      0      0      0   1200      0      0      0
      0      0      0      0    125      0]
300022  - [    -5 300000      0      0      0      0    200      0      0      0
      0   -200      0      0     27      0]
-299805  - [     -5 -300000       0       0       0       0     200       0       0
       0       0       0       0       0       0       0]
300022  - [    -5 300000      0      0      0      0    600      0      0      0
      0   -600      0      0     27      0]
203  - [ -5   0   0   0   0   0 200   0   0   0   0   0   0   0   8   0]
299622  - [    -5 300000      0      0      0      0    400      0      0      0
      0   -800      0      0     27      0]
299995  - [    -5 300000      0      0      0      0      0      0      0      0
      0      0      0      0      0      0]
301920  - [    -5 300000      0      0      0      0   1800      0      0      0
      0      0      0      0    125      0]
300120  - [    -5 300000      0      0      0      0    200      0      0      0
      0   -200      0      0    125      0]
-300005  - [     -5 -300000       0       0       0       0       0       0       0
       0       0       0       0       0       0       0]
300222  - [    -5 300000      0      0      0      0    200      0      0      0
      0      0      0      0     27      0]
-300005  - [     -5 -300000       0       0       0       0       0       0       0
       0       0       0       0       0       0       0]
