4.276155948638916
23.73518943786621
14.328174591064453
45.61817169189453
45.48296356201172
19.52099609375
24.82471466064453
22.7353515625
28.931137084960938
37.33894729614258
61.415138244628906
35.1827278137207
26.05021095275879
30.168020248413086
29.267356872558594
89.95530700683594
35.99560546875
40.426788330078125
32.71880340576172
38.259620666503906
31.180879592895508
34.01011657714844
37.64140701293945
38.79508590698242
64.50751495361328
24.45570182800293
144.1876220703125
159.1759033203125
29.48806381225586
84.60588073730469
39.56147003173828
178.97793579101562
37.27684783935547
107.51972198486328
75.55593872070312
44.02330780029297
41.162330627441406
153.3074188232422
194.07579040527344
229.43246459960938
209.59677124023438
159.59603881835938
114.86383819580078
180.02235412597656
183.0224609375
314.9872131347656
42.4396858215332
334.4697265625
273.2308044433594
215.02853393554688
