29953.02938726948
101392.59169541943
19349.954615088063
8265.026783540297
3325.1560489795916
6825.495700080623
26178.95741505969
24128.237021310684
5639.49058417158
45417.05443093815
6329.791939058172
11257.85758571517
8123.73924701561
20627.299551977987
9659.00580561437
26014.40354107333
9649.676708816503
9134.023314429742
67258.77312522642
10268.235152884688
2315.0136444642453
3164.6683432403593
2432.248146335955
81831.8820517902
32253.87974860824
13658.33947007919
5569.008043639053
5144.191802183114
11852.374813106071
1646.087168653488
4287.056232638888
27516.101035536434
5239.322296265445
107837.31694039833
4860.928037564609
157061.42355175686
12528.481218434345
63017.944086587304
