-2.299238871927376
524.843216237686
-2.4785177116375903
-610.8598370201004
-516.7751207834103
-509.4152607430356
550.5762153127832
-515.4304222535028
-487.83782602297094
560.5698786525867
548.105909419082
-521.8208378128408
-549.8211272061794
-494.8370553887282
-516.4241077460022
551.4863203890009
-486.844880598458
24.587994081550374
-504.8983908338384
555.2972032549997
-489.04362507717013
-501.5144150223317
504.1878017413814
-546.1074827683782
550.3383047408336
31.119224444982862
-482.90815944028276
523.8103437651694
-615.3886311992793
564.2895991942248
-586.8046023651144
-9.036112054386448
-557.8483293517272
554.9453346482813
565.0711907013664
495.9496691314527
-510.66204310363355
41.272028028605064
-31.05683917310063
-485.0253291543377
-487.85773889214806
539.6849429032253
506.31969825386125
554.8570041435574
560.8740654536326
539.2728923442581
-134.89513545799616
-596.8062244194844
43.31684672443766
520.5732287659026
