20.129249572753906
19.659500122070312
20.00691032409668
24.85683250427246
24.185876846313477
13.592179298400879
24.169797897338867
23.72699546813965
12.512397766113281
24.096975326538086
26.002294540405273
22.78848648071289
15.500638961791992
22.46962547302246
21.243871688842773
7.174810409545898
5.570730209350586
20.420974731445312
15.092108726501465
23.8542537689209
19.051414489746094
17.306461334228516
22.87286376953125
10.075615882873535
28.66532325744629
19.58228874206543
4.718321800231934
-9.65049934387207
16.897174835205078
9.06620979309082
17.459890365600586
4.413260459899902
12.827804565429688
13.970209121704102
11.143041610717773
11.304051399230957
25.07697868347168
-3.0401453971862793
-2.3920209407806396
-4.556457996368408
5.614913463592529
-1.6880028247833252
4.575026988983154
9.347260475158691
6.108187675476074
-8.308789253234863
9.633769989013672
5.251316070556641
0.38764581084251404
4.876646518707275
