682042688.0
154276347904.0
14832393216.0
1658657792.0
1913934336.0
179476496384.0
3908039680.0
7199402496.0
13614819328.0
1057353856.0
10767040512.0
240427450368.0
66961842176.0
36004352000.0
2021080320.0
23771076608.0
96805765120.0
5040706048.0
110112899072.0
1782863360.0
24172843008.0
63639875584.0
30018899968.0
813579008.0
25741713408.0
429744291840.0
15064112128.0
5195170304.0
27441524736.0
1405339648.0
304797351936.0
9794195456.0
1016698048.0
74197352448.0
20400963584.0
1165750016.0
101814779904.0
75730911232.0
7829180928.0
42762752000.0
26919708672.0
99485736960.0
226273542144.0
1738899712.0
66840285184.0
1028024768.0
1848232320.0
18949926912.0
33888872448.0
3143858176.0
