-21.297047470305092
-5.793594330102059
0.25940745846639396
17.18450380436972
22.27857605112785
21.6557122460406
24.357372875081925
21.61784509115889
31.531229466057557
34.638847379513784
19.18197446742025
41.75575113819569
24.76567276913441
37.08417456040418
27.68143371461778
33.00575426343721
37.758868940857184
35.969266151410125
36.12135569611467
19.189673483384432
37.27148865446414
29.110634794922944
34.33815066561404
29.16780892534757
18.46382598491402
36.922307359511954
20.433597499899278
34.63881294855572
19.98272610872114
27.756379600563946
13.861320238926888
34.86376672471159
23.14539940866982
40.853346904799224
41.74406266897086
43.70693601233936
32.45623371733761
37.70076877471874
