-29.07022388744752
-10.118713342750429
-0.5568400113213575
-2.8832520169009603
-10.261513812328698
-1.0322046081886322
-2.7764671874523077
3.977256294616935
7.518344492101374
6.760106977043377
8.837666447671703
13.055715031513841
0.3746685141228596
23.437048661065223
18.868906830474955
-1.89280835162756
-2.7039732307849866
11.677332717798476
6.603128767296153
3.6689128631309527
16.707664657114467
7.482836207665077
16.109451507641168
20.29480355117249
9.655767967605383
19.68548164282282
13.037964395277907
2.5452360129620404
5.93811879493155
14.20699540473866
6.323253457475752
15.222436085456843
5.973020263597948
-5.7281445961098045
3.0191407752418047
16.207241882940227
11.03390972017493
17.793290435675956
