-19.374475233784842
-148.93712707925485
-65.25541934194551
-72.77532213445366
-112.990291016424
-224.9011223611545
10.585254118200464
-227.3665695824626
-152.7243428622059
-243.5065712728504
-15.628241070678117
-10.14794752420687
54.33500143407879
-61.49276795853016
94.00957104400703
7.725060562780012
18.42692968314835
119.5314725748719
147.2889100818415
168.7975873188007
152.76682559384435
89.32376107342813
-238.44432016710144
-40.03836467518732
112.22865992601169
-19.706887668614108
-84.083267042012
-2.68623636269258
-103.00950214866234
237.49340512748344
-185.35525070078592
2.7868711764612195
148.95102127249592
198.3370669158928
-16.400349050114976
87.79108403188616
-155.88748084116253
9.935640502251461
-140.58032687351184
-54.776575228117174
61.47833097902824
305.0776170998444
213.30514271503608
-138.88393228840442
198.00187615496924
138.0267562024225
-191.02928011570242
-176.58016386095855
54.01075396577604
281.79335819335654
