-35279.20703125
-56658.29296875
-29685.439453125
38122.71484375
114785.3984375
-982.171875
21341.2890625
26543.69921875
100779.9609375
27665.908203125
44319.31640625
55739.8984375
34999.33203125
35650.55859375
80033.875
45691.8828125
62478.44140625
99690.0859375
36356.7578125
65673.34375
82772.4140625
77271.53125
70291.296875
96279.0390625
44794.92578125
55325.37109375
91714.484375
51181.01953125
85752.2109375
87355.078125
23010.572265625
86750.5703125
59679.10546875
80228.625
58017.7109375
67679.0078125
62913.5390625
46072.88671875
