-31197.650390625
37717.98046875
3269.684326171875
38823.234375
57716.07421875
31818.220703125
112073.15625
70891.203125
79030.9140625
93508.421875
63491.30859375
45993.7734375
45394.98046875
84894.65625
91418.1171875
66241.6953125
69858.1796875
59333.66796875
36478.23828125
-4394.97412109375
90596.8984375
91201.7421875
76736.40625
63651.75
38478.1875
74484.921875
18012.09765625
17830.93359375
73679.421875
73893.953125
106101.890625
89304.2890625
74725.015625
72033.1796875
71139.203125
79602.4296875
58959.6796875
71576.09375
