-153299.796875
-34668.5703125
-36595.5078125
-56586.41015625
-79629.2890625
965.0541381835938
4306.30224609375
141572.15625
204074.109375
61338.1328125
101031.6640625
4923.47314453125
182107.171875
85242.1796875
305241.125
46006.359375
196210.765625
147941.421875
233637.9375
190186.203125
171104.78125
183586.578125
202682.953125
105504.8359375
206209.0
317763.28125
193002.078125
86726.484375
185205.75
209776.3125
115237.8203125
171589.890625
198560.328125
274584.03125
206571.078125
161667.03125
235134.921875
72470.515625
