77  - [ -1 100  -2   0   0   0   0   0   0 -15  -5]
-7  - [-1  0  2  0  0  0  0  0  0 -6 -2]
93  - [ -1 100   0   0   0   0   0   0   0  -2  -4]
84  - [ -1 100  -2   0   0   0   0   0   0  -9  -4]
-7  - [-1  0  2  0  0  0  0  0  0 -8  0]
-10  - [-1  0 -2  0  0  0  0  0  0 -4 -3]
-18  - [ -1   0  -2   0   0   0   0   0   0 -11  -4]
85  - [ -1 100   2   0   0   0   0   0   0 -11  -5]
-7  - [-1  0  0  0  0  0  0  0  0 -4 -2]
-7  - [-1  0 -2  0  0  0  0  0  0 -1 -3]
109  - [ -1 100   2   0   0   3   3   3   0   0  -1]
86  - [ -1 100  -2   0   0   0   0   0   0  -9  -2]
-17  - [ -1   0  -2   0   0   0   0   0   0 -12  -2]
95  - [ -1 100   2   0   0   0   0   0   0  -3  -3]
-17  - [ -1   0  -2   0   0   0   0   0   0 -11  -3]
-20  - [ -1   0  -2   0   0   0   0   0   0 -15  -2]
94  - [ -1 100   2   0   0   0   0   0   0  -6  -1]
83  - [ -1 100  -2   0   0   0   0   0   0 -12  -2]
92  - [ -1 100   2   0   0   0   0   0   0  -6  -3]
89  - [ -1 100   0   0   0   0   0   0   0  -6  -4]
2  - [-1  0 -2 -3  0  3  3  3  0  0 -1]
109  - [ -1 100   2   0   0   3   3   3   0   0  -1]
86  - [ -1 100   0   0   0   0   0   0   0  -9  -4]
78  - [ -1 100  -2   0   0   0   0   0   0 -15  -4]
-12  - [-1  0  0  0  0  0  0  0  0 -7 -4]
-4  - [-1  0  2  0  0  0  0  0  0 -4 -1]
-5  - [-1  0  2  0  0  0  0  0  0 -4 -2]
92  - [ -1 100   2   0   0   0   0   0   0  -5  -4]
-13  - [-1  0 -2  0  0  0  0  0  0 -6 -4]
92  - [ -1 100   2   0   0   0   0   0   0  -6  -3]
-16  - [ -1   0  -2   0   0   0   0   0   0 -10  -3]
-10  - [-1  0  2  0  0  0  0  0  0 -7 -4]
-9  - [-1  0  2  0  0  0  0  0  0 -8 -2]
83  - [ -1 100  -2   0   0   0   0   0   0 -12  -2]
84  - [ -1 100  -2   0   0   0   0   0   0  -9  -4]
-9  - [-1  0  2  0  0  0  0  0  0 -7 -3]
84  - [ -1 100  -2   0   0   0   0   0   0 -13   0]
-8  - [-1  0 -2  0  0  0  0  3  0 -6 -2]
109  - [ -1 100   2   0   0   3   3   3   0   0  -1]
95  - [ -1 100   2   0   0   0   0   0   0  -3  -3]
93  - [ -1 100   2   0   0   0   0   0   0  -5  -3]
-16  - [ -1   0   2   0   0   0   0   0   0 -13  -4]
91  - [ -1 100   0   0   0   0   0   0   0  -6  -2]
87  - [ -1 100   2   0   0   0   0   0   0 -10  -4]
-13  - [ -1   0   2   0   0   0   0   0   0 -12  -2]
89  - [ -1 100   2   0   0   0   0   0   0  -9  -3]
-18  - [ -1   0  -2   0   0   0   0   0   0 -12  -3]
91  - [ -1 100   2   0   0   0   0   0   0  -7  -3]
-10  - [-1  0  2  0  0  0  0  0  0 -7 -4]
85  - [ -1 100   2   0   0   0   0   0   0 -13  -3]
-16  - [-1  0 -2  0  0  0  0  0  0 -9 -4]
95  - [ -1 100   2   0   0   0   0   0   0  -3  -3]
107  - [ -1 100   0   0   0   3   3   3   0   0  -1]
5  - [-1  0 -2  0  0  3  3  3  0  0 -1]
6  - [-1  0  2  0  0  3  0  3  0  0 -1]
9  - [-1  0  2  0  0  3  3  3  0  0 -1]
88  - [ -1 100  -2   0   0   0   0   0   0  -6  -3]
-17  - [ -1   0  -2   0   0   0   0   0   0 -11  -3]
-5  - [-1  0  2  0  0  0  0  0  0 -5 -1]
-16  - [ -1   0  -2   0   0   0   0   0   0 -11  -2]
-15  - [ -1   0   2   0   0   0   0   0   0 -15  -1]
7  - [-1  0  0  0  0  3  3  3  0  0 -1]
-10  - [-1  0  2  0  0  0  0  0  0 -7 -4]
81  - [ -1 100  -2   0   0   0   0   0   0 -12  -4]
-14  - [-1  0 -2  0  0  0  0  0  0 -7 -4]
-13  - [-1  0 -2  0  0  0  0  0  0 -8 -2]
88  - [ -1 100  -2   0   0   0   0   0   0  -6  -3]
-9  - [-1  0 -2  0  0  0  0  0  0 -4 -2]
85  - [ -1 100  -2   0   0   0   0   0   0  -8  -4]
94  - [ -1 100   2   0   0   0   0   0   0  -6  -1]
-4  - [-1  0 -2  0  0  3  0  3  0 -3 -4]
-15  - [ -1   0  -2   0   0   0   0   0   0 -11  -1]
92  - [ -1 100   2   0   0   0   0   0   0  -9   0]
-18  - [ -1   0  -2   0   0   0   0   0   0 -13  -2]
-11  - [-1  0  2  0  0  0  0  0  0 -9 -3]
-17  - [-1  0 -2  0  0  0  0  0  0 -9 -5]
82  - [ -1 100  -2   0   0   0   0   0   0 -12  -3]
90  - [ -1 100  -2   0   0   3   0   3   0  -9  -4]
91  - [ -1 100   2   0   0   0   0   0   0  -7  -3]
-13  - [ -1   0   2   0   0   0   0   0   0 -12  -2]
90  - [ -1 100   2   0   0   0   0   0   0  -8  -3]
-10  - [-1  0 -2  0  0  0  0  0  0 -5 -2]
81  - [ -1 100  -2   0   0   0   0   0   0 -12  -4]
91  - [ -1 100   2   0   0   0   0   0   0  -7  -3]
-8  - [-1  0 -2  0  0  0  0  0  0 -3 -2]
97  - [ -1 100   2   0   0   0   0   0   0  -4   0]
78  - [ -1 100  -2   0   0   0   0   0   0 -15  -4]
96  - [ -1 100   2   0   0   0   0   0   0  -3  -2]
-14  - [-1  0 -2  0  0  0  0  0  0 -7 -4]
95  - [ -1 100   2   0   0   0   0   0   0  -5  -1]
-14  - [ -1   0   2   0   0   0   0   0   0 -12  -3]
87  - [ -1 100  -2   0   0   0   0   3   0  -9  -4]
109  - [ -1 100   2   0   0   3   3   3   0   0  -1]
-11  - [-1  0 -2  0  0  0  0  0  0 -4 -4]
-10  - [-1  0 -2  0  0  0  0  0  0 -5 -2]
97  - [ -1 100   2   0   0   0   0   0   0  -2  -2]
92  - [ -1 100   2   0   0   0   0   0   0  -8  -1]
-11  - [-1  0  2  0  0  0  0  0  0 -9 -3]
-12  - [-1  0  2  0  0  0  0  0  0 -8 -5]
-7  - [-1  0  2  0  0  0  0  0  0 -5 -3]
82  - [ -1 100  -2   0   0   0   0   0   0 -12  -3]
-7  - [-1  0  2  0  0  0  0  0  0 -6 -2]
107  - [ -1 100   2   0   0   3   3   3   0  -1  -2]
-6  - [-1  0 -2  0  0  0  0  3  0 -2 -4]
-12  - [-1  0 -2  0  0  0  0  0  0 -5 -4]
-13  - [-1  0 -2  0  0  0  0  0  0 -7 -3]
-6  - [-1  0  2  0  0  0  0  0  0 -7  0]
93  - [ -1 100   2   0   0   0   0   0   0  -6  -2]
89  - [ -1 100   2   0   0   0   0   0   0  -8  -4]
