81 - [ -1 100  -2   0   0   0   0   0   0 -12  -4]
88 - [ -1 100   2   0   0   0   0   0   0 -12  -1]
-16 - [ -1   0   0   0   0   0   0   0   0 -13  -2]
86 - [ -1 100   2   0   0   0   0   0   0 -13  -2]
78 - [ -1 100  -2   0   0   0   0   0   0 -16  -3]
81 - [ -1 100  -2   0   0   0   0   0   0 -15  -1]
-1 - [-1  0  2  0  3  0  0  0  0 -4 -1]
75 - [ -1 100  -2   0   0   0   0   0   0 -18  -4]
81 - [ -1 100  -2   0   0   0   0   0   0 -14  -2]
83 - [ -1 100   2   0   0   0   0   0   0 -16  -2]
-21 - [ -1   0  -2   0   0   0   0   0   0 -16  -2]
-27 - [ -1   0  -2  -3   0   0   0   0   0 -19  -2]
-20 - [ -1   0  -2   0   0   0   0   0   0 -14  -3]
91 - [ -1 100   2   0   0   0   0   0   0  -7  -3]
-17 - [ -1   0   2   0   0   0   0   0   0 -16  -2]
92 - [ -1 100   2   0   0   0   0   0   1 -10   0]
-20 - [ -1   0  -2   0   0   0   0   0   0 -15  -2]
