85 - [ -1 100  -2   0   0   0   0   0   0 -12   0]
91 - [ -1 100   2   0   0   0   0   0   0  -8  -2]
91 - [ -1 100   2   3   0   0   0   0   0 -10  -3]
-22 - [ -1   0  -2   0   0   0   0   0   0 -17  -2]
95 - [ -1 100   2   3   0   0   0   0   0  -6  -3]
-20 - [ -1   0  -2   0   0   0   0   0   0 -13  -4]
87 - [ -1 100   2   0   0   0   0   0   0 -11  -3]
82 - [ -1 100   0   0   0   0   0   0   0 -16  -1]
86 - [ -1 100   2   0   0   0   0   0   0 -12  -3]
-19 - [ -1   0  -2   0   0   0   0   0   0 -14  -2]
88 - [ -1 100   2   0   0   0   0   0   0 -11  -2]
-24 - [ -1   0  -2   0   0   0   0   0   0 -18  -3]
-18 - [ -1   0  -2   0   0   0   0   0   0 -13  -2]
