8292.063331734045
24059.092498114813
14205.092877967512
10822.966837107377
7154.681680956405
2507.443862534626
37682.32048168465
77493.28730473669
16866.275959659488
13618.631928697405
24861.250103328963
21203.931524943313
27708.643439047155
29093.06190311419
14640.713411599025
11979.068020929517
5139.794159779614
80877.09076496236
14562.730203063116
8944.237793156477
36156.33265913147
44516.60014437508
14890.169151710274
15029.466843559492
56421.34563499511
16766.531000524443
10317.31341062682
2243.581778237923
4837.82421875
44192.234375
29140.204801216925
7717.304418612793
13225.452310112512
4993.292165511447
14376.125586522696
17346.116776788283
17696.886677776693
25314.959356781554
