218.85780334472656
1998.7239990234375
731.6815185546875
539.8330078125
662.8427124023438
886.20849609375
4954.466796875
2468.07080078125
846.3407592773438
1930.8011474609375
2381.625
2586.44189453125
4236.30029296875
2385.387451171875
3934.01904296875
1655.23291015625
3174.390625
2750.560302734375
3809.0322265625
2347.234619140625
2361.675048828125
2621.24560546875
2123.89599609375
1636.160888671875
1537.0125732421875
3061.994384765625
1346.4295654296875
1351.2059326171875
2984.830322265625
1358.083251953125
3092.582275390625
3088.18017578125
2193.70947265625
5627.126953125
5760.82666015625
8859.1923828125
7890.1298828125
8736.3388671875
