1.892916966579348e+23
3.448014961941963e+23
4.072172797466912e+23
3.731805869724998e+23
3.7174995550047076e+23
2.7170130082813357e+23
3.889272249112171e+23
3.446987780938952e+23
3.047723497846227e+23
4.239672115959956e+23
3.1457052524911804e+23
3.738282406277127e+23
3.3116974864049213e+23
2.60723776736418e+23
3.339991260991884e+23
3.53811974069466e+23
3.428853406535397e+23
3.8240619279476974e+23
3.212658646855432e+23
2.576237869833123e+23
2.9783677032967513e+23
3.741091211292725e+23
3.6057176902375806e+23
3.051304039693972e+23
3.6825591879436866e+23
