88.51284790039062
34.78187942504883
12.828743934631348
7.039186477661133
2.559791088104248
13.01612663269043
-20.900880813598633
-8.328654289245605
20.18769645690918
25.337160110473633
20.565813064575195
53.205284118652344
94.84901428222656
50.987030029296875
71.25202941894531
57.136009216308594
98.75782775878906
76.10135650634766
81.6020278930664
76.02532196044922
67.44877624511719
67.5185546875
82.32135772705078
64.06269836425781
52.833091735839844
84.21984100341797
71.33024597167969
46.68710708618164
63.46681213378906
29.614076614379883
50.72462463378906
63.80036544799805
67.68505859375
115.25892639160156
116.93492889404297
139.0276641845703
145.08956909179688
185.36766052246094
