-10.107819233277898
-14.027500275251127
51.23457091817929
51.12655549958995
-4.3857420314538365
50.9655334150582
6.459719594239545
21.002814232681718
20.608316053265312
20.903266830765624
20.916613906583486
20.959492580754983
20.68440622801555
50.97234571918542
20.98238487575733
-33.132744710524214
20.974642564475445
20.725014987394527
51.01420061790856
-33.813070702378376
50.99828649010156
40.19676997082003
20.885111393773162
50.97365097959809
20.87799215381751
104.59449403529315
9.855788786938815
51.42736838009305
20.84739039017185
104.03473852937348
20.94136805035364
51.13509664597207
20.843353360710584
-142.63508605305097
51.11022340811361
20.805455086082116
50.8979490298516
51.43992379908135
