21126518784.0
39620591616.0
37467635712.0
33935169536.0
45552050176.0
35401977856.0
33305198592.0
48392937472.0
46683160576.0
22501849088.0
37878362112.0
30718205952.0
34821107712.0
50231877632.0
30406436864.0
28302342144.0
49943851008.0
49723961344.0
31500683264.0
45923459072.0
40767590400.0
23155828736.0
42620678144.0
52204707840.0
38300205056.0
41526083584.0
47571587072.0
52697526272.0
38921293824.0
48081567744.0
50685038592.0
35156926464.0
35929563136.0
36290064384.0
47021174784.0
35962482688.0
44121309184.0
37881663488.0
