3000085  - [     -5 3000000       0      90       0       0       0       0       0
       0       0       0       0       0       0       0]
-88  - [  -5    0    0    0    0    0    0    0    0    0    0 -110    0    0
   27    0]
-5  - [-5  0  0  0  0  0  0  0  0  0  0  0  0  0  0  0]
-3000155  - [      -5 -3000000        0     -150        0        0        0        0
        0        0        0        0        0        0        0        0]
-2999978  - [      -5 -3000000        0      -60        0        0       60        0
        0        0        0        0        0        0       27        0]
3000062  - [     -5 3000000       0      30       0       0      40       0       0
       0       0     -30       0       0      27       0]
-3000695  - [      -5 -3000000        0     -390        0        0        0        0
        0        0        0        0        0     -300        0        0]
3000169  - [     -5 3000000       0     120       0       0      20       0       0
       0       0     -30       0       0      64       0]
-281  - [  -5    0    0    0    0    0   20    0    0    0    0 -360    0    0
   64    0]
3000039  - [     -5 3000000       0     330       0       0      20       0       0
       0       0    -370       0       0      64       0]
3000109  - [     -5 3000000       0     510       0       0      40       0       0
       0       0    -500       0       0      64       0]
3000525  - [     -5 3000000       0     510       0       0      20       0       0
       0       0       0       0       0       0       0]
3000445  - [     -5 3000000       0     450       0       0       0       0       0
       0       0       0       0       0       0       0]
3000175  - [     -5 3000000       0     180       0       0       0       0       0
       0       0       0       0       0       0       0]
3000010  - [     -5 3000000       0     300       0       0      20       0       0
       0       0    -430       0       0     125       0]
3000302  - [     -5 3000000       0     300       0       0       0       0       0
       0       0     -20       0       0      27       0]
3000075  - [     -5 3000000       0      60       0       0      20       0       0
       0       0       0       0       0       0       0]
3000272  - [     -5 3000000       0     420       0       0       0       0       0
       0       0    -170       0       0      27       0]
2999925  - [     -5 3000000       0     360       0       0      20       0       0
       0       0    -150       0    -300       0       0]
3000135  - [     -5 3000000       0     120       0       0      20       0       0
       0       0       0       0       0       0       0]
3000175  - [     -5 3000000       0     180       0       0       0       0       0
       0       0       0       0       0       0       0]
3000202  - [     -5 3000000       0     390       0       0      20       0       0
       0       0    -230       0       0      27       0]
3000175  - [     -5 3000000       0     180       0       0       0       0       0
       0       0       0       0       0       0       0]
3000235  - [     -5 3000000       0     240       0       0       0       0       0
       0       0       0       0       0       0       0]
-3000035  - [      -5 -3000000        0      -30        0        0        0        0
        0        0        0        0        0        0        0        0]
3000265  - [     -5 3000000       0     270       0       0       0       0       0
       0       0       0       0       0       0       0]
3000105  - [     -5 3000000       0      90       0       0      20       0       0
       0       0       0       0       0       0       0]
-15  - [ -5   0   0 -30   0   0  20   0   0   0   0   0   0   0   0   0]
3000175  - [     -5 3000000       0     180       0       0       0       0       0
       0       0       0       0       0       0       0]
3001105  - [     -5 3000000       0     180       0       0       0       0       0
       0       0     -40       0       0     970       0]
3000055  - [     -5 3000000       0      60       0       0       0       0       0
       0       0       0       0       0       0       0]
3000089  - [     -5 3000000       0     150       0       0      20       0       0
       0       0    -140       0       0      64       0]
3000219  - [     -5 3000000       0     240       0       0       0       0       0
       0       0     -80       0       0      64       0]
3000025  - [     -5 3000000       0      30       0       0       0       0       0
       0       0       0       0       0       0       0]
3000259  - [     -5 3000000       0     240       0       0      20       0       0
       0       0     -60       0       0      64       0]
3000259  - [     -5 3000000       0     210       0       0      20       0       0
       0       0     -30       0       0      64       0]
3000349  - [     -5 3000000       0     270       0       0      20       0       0
       0       0       0       0       0      64       0]
3000385  - [     -5 3000000       0     390       0       0       0       0       0
       0       0       0       0       0       0       0]
