1.862654398379284e+23
4.06341023374393e+23
3.7228264126439615e+23
4.0550843390408174e+23
3.04256093152138e+23
3.723745146967945e+23
4.515608745992857e+23
4.0067142378909775e+23
3.0195039425811236e+23
4.412858580062444e+23
3.907333485057778e+23
3.918298489142529e+23
4.0268489311050255e+23
3.0317634613427664e+23
2.199455195792261e+23
4.046429501420922e+23
3.875319016602667e+23
3.692890085200904e+23
2.852503803070777e+23
4.3851657658097576e+23
3.5211000972708716e+23
4.418944204166917e+23
4.379501678630406e+23
3.540642116773958e+23
2.9698831017427703e+23
