-10.0974121024236
-9.059957069489316
16.729846128963217
19.69358637911495
20.975795688463553
40.06758374718818
9.801041608575394
8.600808892073733
19.93591210933225
9.682153922223991
17.664924873640548
20.422853156713053
9.68991950751958
8.87566750932667
20.961270294816806
50.99009547292048
51.4283301163987
50.9745341744265
51.168550744542586
51.16650585716785
20.78641324558376
21.69630165806349
51.234536396835395
16.0016717107535
8.772904549591942
8.704593472234466
-55.39722543623695
15.897279258860008
-54.10098491488113
-0.729174199359563
-1.5569566229982577
20.73282002967874
20.70685492720023
20.901043506002686
51.239988950325895
20.70759843549821
20.562043789249593
9.836013346336925
