-532  - [  -5 -500    3  -30    0    0    0    0    0    0    0    0    0    0
    0    0]
-512  - [  -5 -500    3  -10    0    0    0    0    0    0    0    0    0    0
    0    0]
-523  - [  -5 -500    2  -20    0    0    0    0    0    0    0    0    0    0
    0    0]
-532  - [  -5 -500    3  -30    0    0    0    0    0    0    0    0    0    0
    0    0]
548  - [ -5 500   3  30   0   0  20   0   0   0   0   0   0   0   0   0]
-542  - [  -5 -500    3  -40    0    0    0    0    0    0    0    0    0    0
    0    0]
-552  - [  -5 -500    3  -50    0    0    0    0    0    0    0    0    0    0
    0    0]
577  - [ -5 500   3  70   0   0   0   0   0   0   0   0   0   0   9   0]
528  - [ -5 500   3  30   0   0   0   0   0   0   0   0   0   0   0   0]
-612  - [  -5 -500    3 -110    0    0    0    0    0    0    0    0    0    0
    0    0]
-532  - [  -5 -500    3  -30    0    0    0    0    0    0    0    0    0    0
    0    0]
-555  - [  -5 -500    3  -60    0    0    0    0    0    0    0   -2    0    0
    9    0]
518  - [ -5 500   3  20   0   0   0   0   0   0   0   0   0   0   0   0]
514  - [ -5 500  -1   0   0   0  20   0   0   0   0   0   0   0   0   0]
-547  - [  -5 -500   -2  -40    0    0    0    0    0    0    0    0    0    0
    0    0]
545  - [ -5 500   3  30   0   0  20   0   0   0   0 -12   0   0   9   0]
-552  - [  -5 -500    3  -50    0    0    0    0    0    0    0    0    0    0
    0    0]
-534  - [  -5 -500    3  -40    0    0    0    0    0    0    0   -1    0    0
    9    0]
528  - [ -5 500   3  10   0   0  20   0   0   0   0   0   0   0   0   0]
517  - [ -5 500   2  20   0   0   0   0   0   0   0   0   0   0   0   0]
