140.14292907714844
173.0772705078125
397.844970703125
433.10760498046875
424.95880126953125
298.01251220703125
490.2467041015625
623.234619140625
546.392822265625
1021.7406005859375
353.0189514160156
467.4407043457031
439.0658264160156
641.2153930664062
1967.970458984375
1335.0853271484375
662.7089233398438
1100.395751953125
2785.12255859375
1414.0653076171875
1203.3753662109375
1759.0594482421875
1179.642333984375
714.501220703125
2058.742919921875
590.3623657226562
725.1466064453125
993.3986206054688
591.7049560546875
1204.2220458984375
666.1094360351562
954.8743286132812
3807.36474609375
716.9893188476562
1305.5452880859375
2079.33642578125
1319.2003173828125
1099.3424072265625
