135.30848693847656
115.19471740722656
150.8488006591797
141.40286254882812
140.4037628173828
128.93746948242188
120.02722930908203
85.31342315673828
139.897705078125
163.50352478027344
123.6411361694336
130.80874633789062
122.93893432617188
111.70113372802734
167.5888214111328
153.34805297851562
119.42404174804688
159.5644989013672
150.2093048095703
116.99488830566406
102.26275634765625
178.41285705566406
113.04857635498047
154.8992919921875
29.838850021362305
84.49909210205078
95.32691955566406
162.17926025390625
114.1739730834961
150.87396240234375
115.17072296142578
131.86488342285156
75.99555969238281
148.86386108398438
161.59400939941406
122.48213958740234
83.32988739013672
71.6972885131836
