92212.94110871483
19397.53681276432
2549.071759259259
40279.66323375852
11722.605460667777
2197.9144555555554
5754.8487399435235
17446.38655832704
6604.679215860992
10210.397429560055
6423.394522392291
2417.4970239635627
6581.133696000001
5117.527743749999
30544.501881969853
3661.8776592782356
11645.312425683713
4667.508261656859
21190.003492008072
4586.48615916955
9629.485778808594
8497.568130375736
3917.052720016803
9548.373884272083
3246.3259918367344
6452.536751189447
2546.974365234375
3014.6854609110487
2119.356240234375
1671.5215794306705
4834.741155285644
4009.6138138920055
3312.478775
8000.1939787272395
1458.491692976554
7644.561375297441
2952.478889097391
17890.07118120305
