23074385920.0
50065825792.0
41830567936.0
42222010368.0
39697354752.0
46159970304.0
48546594816.0
49291911168.0
42159570944.0
54092435456.0
48923807744.0
43996602368.0
52698673152.0
43274133504.0
38667493376.0
42356604928.0
36077109248.0
48553971712.0
39823982592.0
45277569024.0
47121928192.0
51175567360.0
46678204416.0
39673384960.0
48444047360.0
46030712832.0
52029771776.0
28175611904.0
46691938304.0
36182011904.0
48547246080.0
46114168832.0
43650449408.0
50339872768.0
46925475840.0
44339601408.0
42909753344.0
49181634560.0
